-1.632806912900845646e+03
-1.485508076694652345e+03
-9.052703015124313879e+02
-1.695642012124583971e+03
-1.547371083993320326e+03
-1.592862167689323996e+03
-1.609468778402882435e+03
-1.795523379284316889e+03
-1.616118265994374497e+03
-1.590922859738953548e+03
-9.017380448918620459e+02
-1.775073710090600116e+03
-1.607361968821440087e+03
-1.685733114446946956e+03
-1.541023915205523963e+03
-1.640874081774351680e+03
-1.426864453616602987e+03
-1.706330142651523602e+03
-1.853174701085815741e+03
-1.480142267418483470e+03
-1.633278642797309885e+03
-1.550679467942502470e+03
-1.366144867628394877e+03
-1.114641109472106109e+03
-1.498640985284847602e+03
-1.306258638788570352e+03
-1.779575185361679132e+03
-1.323444582582796329e+03
-1.625129609348559825e+03
-1.721790564560840266e+03
-1.532456359525185690e+03
-1.397566618981731608e+03
-1.364882749544408853e+03
-1.525313991052530355e+03
-1.366835332042170648e+03
-1.393216447613237960e+03
-1.643335737066792035e+03
-1.770712325523490335e+03
-1.318361048817563642e+03
-1.325741057367265057e+03
-1.273952439871428851e+03
-1.511035144518997186e+03
-1.585959404945193228e+03
-1.349755028112615491e+03
-1.499161975263981503e+03
-1.315405454569532822e+03
-1.750345709803826139e+03
-1.172250417951198187e+03
-1.612295788443529773e+03
-1.376547610172504847e+03
-1.475098706774003631e+03
-1.514745797199579101e+03
-1.602643070280747452e+03
-1.482720583721358480e+03
-1.139966822908212862e+03
-1.634377537036350532e+03
-1.451617205008769361e+03
-1.507087109189572857e+03
-1.138776415235941158e+03
-1.504301667198099949e+03
-1.078468970164884240e+03
-1.342033840191701302e+03
-1.523416176374283623e+03
-1.016639052236293310e+03
-1.545177798066309379e+03
-1.172864544709530946e+03
-1.326792432136086063e+03
-1.455677693415236035e+03
-1.531817024828658759e+03
-1.541917815949413352e+03
-1.111428865058023803e+03
-1.351592388543875586e+03
-1.535794189311985747e+03
-1.475860825318468187e+03
-1.539039907799570301e+03
-1.251887497504304747e+03
-1.368715894650479868e+03
-1.163833191246542356e+03
-1.374506061606437015e+03
-1.276289771452451532e+03
-1.646390818494118776e+03
-1.295837251263389362e+03
-1.448595537209982467e+03
-1.033751073138157381e+03
-1.407989885005595625e+03
-1.120495875615828027e+03
-9.553348696696053821e+02
-1.155073168954646007e+03
-1.424990852014346729e+03
-1.421273853755428263e+03
-1.542868623631823993e+03
-1.539082273635431420e+03
-1.103251011047199654e+03
-1.334943359154017344e+03
-1.240087804394799832e+03
-1.163589637181274611e+03
-1.499088761548719958e+03
-1.388205168130696393e+03
-1.017693607235462309e+03
-1.793736201111033097e+03
-1.028993140745930077e+03
-1.465515860463930039e+03
-1.164573338906336858e+03
-1.201776474264379431e+03
-1.184031358013415684e+03
-1.304946632419802881e+03
-1.230878167600373445e+03
-1.779917472212677467e+03
-1.326473831611158403e+03
-1.520131957074814181e+03
-1.434258908018284046e+03
-1.253048978513182874e+03
-1.425386246012501260e+03
-1.201181387739588899e+03
-1.327780239925989463e+03
-1.507778477177451805e+03
-1.653327721918549287e+03
-1.278674443475455064e+03
-1.459287030221663827e+03
-9.197320842759226025e+02
-1.459180548497024347e+03
-1.452542966317401806e+03
-1.361290625114668273e+03
-1.513013139250296717e+03
-1.589559803091475032e+03
-1.305933269118919270e+03
-1.145456968562296879e+03
-1.546013205543098138e+03
-1.493028330813053799e+03
-1.354305532689075790e+03
-1.382635117270099272e+03
-1.550932553858625852e+03
-1.379607360348762086e+03
-1.395177979873879849e+03
-1.362926197458087699e+03
-1.364393188876604654e+03
-1.141385033923577339e+03
-1.399228518119134378e+03
-1.210394898297697409e+03
-1.309391507803107288e+03
-1.046135689388535411e+03
-1.112708266896210262e+03
-1.057914171458554620e+03
-9.535288395758477691e+02
-1.164520436181808464e+03
-1.734269699541775935e+03
-1.337862365815676412e+03
-1.165207282626674441e+03
-1.527238642818145081e+03
-1.308546337815036395e+03
-1.167246184765319185e+03
-1.094907829713254841e+03
-1.239794543514137558e+03
-1.396459430809759624e+03
-1.385138860694871482e+03
-1.152146281749819536e+03
-1.176196962349669775e+03
-1.543960659183507914e+03
-1.570290720802554233e+03
-1.251208040627836681e+03
-1.169321005124726526e+03
-1.327897444660414976e+03
-1.312320799679014499e+03
-1.364236184981667975e+03
-1.201220404942927871e+03
-1.379143034690264813e+03
-1.572086130467562270e+03
-1.356721459544109848e+03
-1.301537478981503682e+03
-1.221811452532856720e+03
-1.167581295344748014e+03
-1.214087439659925849e+03
-1.358194118466149121e+03
-1.185897507272386974e+03
-1.220356815591300347e+03
-1.124600762981145635e+03
-1.528669445795637785e+03
-1.619024195062448371e+03
-1.148983412633743683e+03
-1.061543870600561831e+03
-1.273202629549510448e+03
-1.557159529040997541e+03
-1.194887038173075325e+03
-1.320506113841690194e+03
-1.290832726705355526e+03
-1.259583614038473343e+03
-1.170388849165431338e+03
-1.187889544067582619e+03
-1.063150176175297020e+03
-1.127455477857891083e+03
-1.197090278821557831e+03
-1.190360472608850841e+03
-1.218286415708292907e+03
-1.266722062814790434e+03
-1.317082829228531182e+03
-1.177007415022819259e+03
-9.783338955965642754e+02
-1.020065083352684724e+03
-1.210905263843779267e+03
-1.213019995939242335e+03
-1.220160611860254448e+03
-1.172764803633470592e+03
-1.130408349863001604e+03
-1.044239693689115711e+03
-1.152573617674603156e+03
-1.239969475663026060e+03
-9.242691580540085852e+02
-1.135867021835201740e+03
-1.241393398577888092e+03
-1.148370473174049494e+03
-1.188533206095065907e+03
-1.101375742909414157e+03
-1.191068044766996309e+03
-1.208587149277007029e+03
-1.263399081000809474e+03
-1.175247840384421806e+03
-1.244674914034044832e+03
-1.145671989215207986e+03
-1.434950168159580926e+03
-1.237713666703961962e+03
-1.221464838094163952e+03
-1.133583639888242715e+03
-1.068614915845542100e+03
-1.160966669981131190e+03
-1.115806949202163196e+03
-1.239333112429621906e+03
-1.431641243117261638e+03
-1.182223581621355152e+03
-1.183859254868587641e+03
-1.251532595496343447e+03
-1.203077436685784278e+03
-1.198343314722199011e+03
-1.063844180468448258e+03
-1.163481929646601202e+03
-1.183493701098406291e+03
-1.058354086207277760e+03
-1.123648245982737535e+03
-1.076215919410393326e+03
-1.134632353336590313e+03
-1.195639978847813836e+03
-1.175766904697091150e+03
-1.118958719828472567e+03
-1.062942907315536331e+03
-1.428540505865432124e+03
-1.223618834216645155e+03
-1.296990272277369968e+03
-1.187511399167906575e+03
-1.222665124002146058e+03
-1.151734765053916590e+03
-1.290374492384009272e+03
-1.179103916070442210e+03
-1.193410130308044927e+03
-1.132320141176498510e+03
-1.148941537437586021e+03
-1.249104333060723320e+03
-1.194551723151563010e+03
-1.222969705800108386e+03
-1.196835920816642783e+03
-1.165624086070271005e+03
-1.113130951157796744e+03
-1.165934768711480729e+03
-1.193993486117911743e+03
-1.217476681534283671e+03
-1.247690590895048672e+03
-1.205472450827276816e+03
-1.231753496165083106e+03
-1.134139574376256178e+03
-1.188917511442754630e+03
-1.041336152220717395e+03
-1.064995693738243972e+03
-1.155843239576867063e+03
-1.256425406977701869e+03
-1.109560262110739586e+03
-9.936151928877432056e+02
-1.057347837494940450e+03
-1.169758986785343723e+03
-1.151405100775607480e+03
-1.142443003589817181e+03
-1.026045173974135650e+03
-1.170092513512805454e+03
-1.206117640507721717e+03
-1.112513997061742202e+03
-1.057487205402014069e+03
-1.080979124535601841e+03
-1.155533002506401090e+03
-1.172188523801411520e+03
-1.172219353933367529e+03
-1.019807193168921344e+03
-1.125382918372371932e+03
-1.188623446481363999e+03
-1.146168715339599885e+03
-1.190238359049397332e+03
-1.302978828147912736e+03
-1.169924650098401571e+03
-1.095125460703942053e+03
-1.225373467790281438e+03
-1.150057899648477587e+03
-1.177472490695972056e+03
-1.202929049819352258e+03
-1.151050289953953779e+03
-1.146143395528157725e+03
-1.023793970702211368e+03
-1.202555864327715199e+03
-1.230990182832901837e+03
-1.194247184311702540e+03
-1.058642851870292816e+03
-1.265355559436166686e+03
-1.333390354332472498e+03
-1.283529330207246176e+03
-1.072769735805378787e+03
-1.119319355803584131e+03
-1.164553901443826817e+03
-1.051621058605748658e+03
-1.312593775449855684e+03
-1.260463687837135922e+03
-1.182627680026501594e+03
-1.141293237299894145e+03
-1.129224441635194808e+03
-1.316574283898093199e+03
-1.147561059424068162e+03
-1.137125883345256625e+03
-1.153302130381308643e+03
-1.108656702488334759e+03
-1.039741629103682499e+03
-9.258262779652062591e+02
-1.030787557041799346e+03
-1.205863883636593528e+03
-1.109593565615914031e+03
-9.953334634976272355e+02
-7.811446607587406561e+02
-8.937203623799174466e+02
-1.106282063406722500e+03
-1.236568169054190321e+03
-1.067332111388818930e+03
-9.054067589946936323e+02
-1.031769917635441288e+03
-8.998916659513320155e+02
-1.212398347619932565e+03
-1.100924235036519804e+03
-1.040601562813615374e+03
-1.134900314758626791e+03
-9.600852179273564388e+02
-1.000371436892803786e+03
-1.113368647823779156e+03
-1.188699400280536565e+03
-8.711068170806961461e+02
-1.270698908638184321e+03
-1.143471080207944397e+03
-1.020864900086608259e+03
-1.149740014387672545e+03
-1.051201076186671798e+03
-1.253864805310836118e+03
-1.092003834160285578e+03
-1.024029321119973702e+03
-1.174405618740447608e+03
-1.123547284978783637e+03
-1.066048750827819504e+03
-1.013981214156082160e+03
-1.133014511454770172e+03
-1.030348177201235558e+03
-1.020214008576692549e+03
-1.143738103202174216e+03
-8.942544716029804022e+02
-9.198789204256402172e+02
-1.174276243349745755e+03
-1.184870669632602130e+03
-1.162439495780494326e+03
-1.163098417672602181e+03
-1.160951369722756681e+03
-1.197833870847081926e+03
-1.075068040674407484e+03
-1.208812803921761770e+03
-1.193821947601293004e+03
-1.141459344962495152e+03
-1.174663025292280281e+03
-1.066147478775779064e+03
-9.477960478124583688e+02
-1.134036517810473015e+03
-1.120464757348264584e+03
-1.053429313952155098e+03
-1.108984187320986621e+03
-1.072343727076609866e+03
-1.131563687716570485e+03
-1.053437653612560325e+03
-1.146630015295319254e+03
-1.143482662260920051e+03
-1.045495570738583865e+03
-1.162970992628026806e+03
-8.864346747175929977e+02
-1.130952718733128904e+03
-8.979671706265580724e+02
-1.115835504040492424e+03
-1.175185673506906596e+03
-1.236021891844695574e+03
-1.207076397205483090e+03
-1.179419613453310149e+03
-1.303824335021362003e+03
-9.173572816884953909e+02
-1.379872554752651013e+03
-1.070733394929829728e+03
-1.229225598164499388e+03
-1.211314644111811958e+03
-1.255895529847584385e+03
-1.316837040785155068e+03
-1.234001365469867324e+03
-8.045058977645644518e+02
-1.321284807563625463e+03
-1.092070201348136607e+03
-1.187116379781339901e+03
-1.170644745570177975e+03
-1.142904199629007508e+03
-1.177134326207843515e+03
-1.213734889343104442e+03
-9.928407851543761353e+02
-1.127111241754390448e+03
-9.272897488122281402e+02
-1.060889783027177145e+03
-1.166553402877748567e+03
-1.039367746282048302e+03
-1.035194328177496800e+03
-1.137560186426837618e+03
-1.059774098088836581e+03
-1.096311221911153552e+03
-1.264934781014911323e+03
-1.041390439105472069e+03
-9.016499930751139118e+02
-9.909932134605629699e+02
-1.181487181753809637e+03
-1.049486973004929041e+03
-1.062953605181314970e+03
-1.061678113561822329e+03
-1.108352633391312793e+03
-1.043740327471909950e+03
-1.204580657408663228e+03
-8.301633616244655514e+02
-1.081741180761235455e+03
-1.117902763775206267e+03
-8.631333865232581957e+02
-1.060953836514577233e+03
-9.440600157752980977e+02
-9.546760984406435000e+02
-8.950479071143309966e+02
-7.830911216383740339e+02
-8.755029101737020483e+02
-9.945927378776726755e+02
-1.075148258176622448e+03
-8.563938283392877793e+02
-9.913731563706737688e+02
-8.920997510386416707e+02
-1.021140635035133528e+03
-8.949516363836009987e+02
-1.094305378890781640e+03
-1.072671891350699980e+03
-9.047620558747312316e+02
-1.160266525065958149e+03
-1.018629363898210727e+03
-9.122015106467143823e+02
-1.028917103813752647e+03
-8.859468590746848804e+02
-1.188056278665395212e+03
-1.037639303196582887e+03
-8.172923640081622807e+02
-1.144043234904075234e+03
-1.006600761040460384e+03
-1.141627102106608390e+03
-1.205295847067978229e+03
-1.153839722201763834e+03
-9.227383308558506769e+02
-1.176208302842792818e+03
-8.868236886693966881e+02
-1.011501137781947364e+03
-6.287337454234565257e+02
-1.104289726359620545e+03
-8.356060868802858295e+02
-7.592345986938161104e+02
-8.141027675868662072e+02
-1.179722760583645595e+03
-7.590151610965925784e+02
-7.618607503073529870e+02
-6.610532247130157657e+02
-7.583920783778264649e+02
-1.061137937543903718e+03
-6.727263968213682119e+02
-8.626949129023622618e+02
-8.963818867662805587e+02
-8.714832935285578515e+02
-9.782964331523722876e+02
-7.769488986261643504e+02
-9.427535722291877391e+02
-8.853148673507605508e+02
-9.165130090115170560e+02
-8.766060442690679793e+02
-7.458872156777232476e+02
-8.668409624738714001e+02
-9.147598103476732376e+02
-1.003847068984144244e+03
-1.085549760051671683e+03
-8.540764605388810651e+02
-8.634350692626525188e+02
-8.931883374147057566e+02
-9.799669087661519598e+02
-8.790065387045262923e+02
-8.704823099899150520e+02
-7.595575519741041717e+02
-9.783199167227293174e+02
-9.176232373064856347e+02
-7.656186203784650388e+02
-9.927801796505287939e+02
-8.812849689537252971e+02
-8.941126911746907808e+02
-8.014325830469617813e+02
-7.636662331455396497e+02
-8.955732309313626729e+02
-8.913740849015839558e+02
-7.533988405810140421e+02
-8.172481593766469814e+02
-8.680097689347461483e+02
-1.141125118929088785e+03
-8.623029365398620030e+02
-8.974141445165655568e+02
-9.817891341776266927e+02
-7.858532222541465444e+02
-1.004240778347795640e+03
-6.286928217895874695e+02
-1.007084830715180260e+03
-1.127940791891596291e+03
-9.050482329849112375e+02
-8.930726259928544550e+02
-8.614307648700860227e+02
-8.597320481793901763e+02
-1.079212729412788349e+03
-6.734716615698499709e+02
-7.442507021437312460e+02
-8.741678555775793029e+02
-9.606632122383971364e+02
-1.031973552347395980e+03
-1.219685172294494805e+03
-7.750059784211648548e+02
-8.726904214588940931e+02
-7.648794503493612638e+02
-9.370612815431715035e+02
-1.076056265636304261e+03
-8.971880448273558386e+02
-9.025335549318690482e+02
-8.222917935266624454e+02
-1.159145433461016637e+03
-8.501215498231440506e+02
-8.996856241700243118e+02
-1.037026890012957438e+03
-8.670233167926472788e+02
-6.295198634453463455e+02
-1.179113779711531379e+03
-1.090018731650884320e+03
-6.434567761036157663e+02
-9.727392006206368933e+02
-7.637445260277827401e+02
-1.008151076206541916e+03
-7.657118873352118271e+02
-7.749083026657222035e+02
-1.019134014366270776e+03
-1.154909116183136803e+03
-9.487709266540634871e+02
-7.408694606618573744e+02
-9.785120788580098861e+02
-1.064634275064535359e+03
-8.739314787490682193e+02
-1.185173165401082770e+03
-1.007096607345851339e+03
-1.159773926985673370e+03
-1.199940809342296461e+03
-1.020763104748298360e+03
-9.193997623547991225e+02
-9.050274441585465866e+02
-9.426270252401135394e+02
-1.020298623551192918e+03
-1.092835174569108176e+03
-1.051526057904213303e+03
-1.020017797217985844e+03
-9.800662718464550380e+02
-9.197763312100780695e+02
-1.024724078571300197e+03
-8.848379461899247644e+02
-6.449951740265260014e+02
-9.328857636413863474e+02
-9.959705751522485571e+02
-7.623892763618548543e+02
-7.659666550521033059e+02
-1.115420360571463334e+03
-9.347207310432635268e+02
-1.003202202191071706e+03
-9.039915451645698568e+02
-9.362119191758873740e+02
-8.814687475321010197e+02
-9.813496027312077103e+02
-9.786074119728552887e+02
-1.044631201687775047e+03
-1.055867600126317484e+03
-1.041436949658178719e+03
-1.029835575188804114e+03
-1.038171535305088582e+03
-1.134138514479021978e+03
-1.113997462298578512e+03
-1.142444129188541865e+03
-1.077624990677074038e+03
-1.086648819976485811e+03
-1.182512023166931158e+03
-1.067392947959034700e+03
-1.053234499621882378e+03
-1.198630898629579860e+03
-1.069464563803570172e+03
-1.204104310674026010e+03
-1.117766802344352755e+03
-1.172739927166561529e+03
-1.069072969598015106e+03
-1.196919896225005459e+03
-1.253824404789034816e+03
-1.205877940114979992e+03
-1.168768650469873137e+03
-1.130188942108906758e+03
-1.160706988513767556e+03
-1.009847760181293211e+03
-1.187055152990344595e+03
-1.150889791464988321e+03
-1.160656656985639984e+03
-1.128790641979475822e+03
-8.894757467089240208e+02
-1.148948842199482669e+03
-1.320595595052670433e+03
-1.200075211795710175e+03
-1.187511374065730024e+03
-1.215079083433016649e+03
-9.929491520096371460e+02
-1.003198342396421936e+03
-1.193188634934759875e+03
-1.198295414811522051e+03
-1.042126823972128477e+03
-1.188287285595088406e+03
-1.192686436317253310e+03
-1.201192606215160140e+03
-1.195351151054994034e+03
-1.193439390137195460e+03
-1.053296770251663702e+03
-1.142090462511130227e+03
-1.131976048953757754e+03
-1.144973843426892927e+03
-1.221600669868211298e+03
-1.058064977436415802e+03
-1.138245361456316232e+03
-1.056957703281592330e+03
-1.139393689495728040e+03
-1.148081023757056983e+03
-1.239805703069724586e+03
-1.019005773281107508e+03
-9.964615286102125538e+02
-1.056133558614895264e+03
-9.131384928607807296e+02
-1.019212594851248696e+03
-1.040804905787274947e+03
-1.042717385789497484e+03
-1.043180862992307766e+03
-1.019995181051627583e+03
-9.826709509698079046e+02
-1.141345836177884394e+03
-1.106146250337503488e+03
-8.779183832630992583e+02
-1.150620070653231323e+03
-1.014780670315615680e+03
-1.131880951796797490e+03
-9.981469481968775881e+02
-9.162670886145310760e+02
-1.051840721358112205e+03
-1.066582033605526249e+03
-9.981819882804608142e+02
-8.756467954264081754e+02
-9.868718271181163573e+02
-1.057016799781580630e+03
-1.272043336037545032e+03
-1.046292738224294453e+03
-9.233414344970808543e+02
-1.009990832345430817e+03
-1.022022693559893582e+03
-9.004674539310108230e+02
-8.368272774254027127e+02
-6.371588065622388513e+02
-7.477310171691426604e+02
-9.877219135362594216e+02
-1.027928045489680699e+03
-9.613596454217009750e+02
-7.512814007722774932e+02
-5.663652871268269564e+02
-6.954376280995647903e+02
-8.733955527824243745e+02
-8.619239106634734071e+02
-9.314470397939031727e+02
-9.786426699221947274e+02
-8.628114220923392850e+02
-8.092605469543174195e+02
-8.889768244189009465e+02
-1.075024502193830131e+03
-9.033212151771682557e+02
-9.021547255287489406e+02
-8.644288823171398235e+02
-7.905583730037229770e+02
-9.055015120013837304e+02
-8.824239344036692501e+02
-1.027372948846482586e+03
-8.889052709974959043e+02
-8.923585659139861264e+02
-8.915991234124850280e+02
-8.763797944311438641e+02
-1.077944188707627973e+03
-1.024946298176109622e+03
-8.945541629094805103e+02
-8.995656339857416697e+02
-7.691045324116789743e+02
-7.542992618444901609e+02
-9.773704959291271734e+02
-8.924628897228444657e+02
-8.557019177493534698e+02
-7.685424133221163174e+02
-7.392841134404584409e+02
-8.723859622048141773e+02
-6.280120670074982172e+02
-6.309663417939216288e+02
-1.005191233311182032e+03
-7.559968221048011401e+02
-8.826646967781372268e+02
-6.330386933823714344e+02
-7.633074574573328164e+02
-8.703421979439548295e+02
-8.561520999824114142e+02
-7.835775910413443626e+02
-7.649377771142175106e+02
-7.670500874403759326e+02
-8.764783712169077035e+02
-7.754054032648319890e+02
-7.647226716512082021e+02
-8.903790507799685656e+02
-7.786312807177611148e+02
-8.742425540650278890e+02
-8.692952631204520912e+02
-8.885307105553257543e+02
-9.016161098636241604e+02
-9.383078104265837283e+02
-7.720359783183837408e+02
-6.259147931211522291e+02
-7.730738104743983286e+02
-7.681505750283009775e+02
-8.791950369518814341e+02
-8.809885537202327441e+02
-1.044265116751817459e+03
-7.589600063774033742e+02
-8.745851529717408539e+02
-5.341636241998199921e+02
-6.388667135974400253e+02
-9.798526394269565571e+02
-7.630767927470379846e+02
-7.486615276157169774e+02
-9.673990349360730079e+02
-7.703323595346932962e+02
-6.382912210717707922e+02
-7.507827672740525031e+02
-7.679326670510450867e+02
-8.630726515843670086e+02
-8.641800069546505938e+02
-6.416144669746782938e+02
-7.769878120970896589e+02
-1.026853076489927389e+03
-8.889548941667632107e+02
-1.001451783441220414e+03
-9.076759772386259328e+02
-8.018693735827114324e+02
-1.129606415967344219e+03
-9.038280773284609495e+02
-9.511250687742299306e+02
-8.719614147431560696e+02
-8.535464338264526987e+02
-8.588620353936985339e+02
-1.019602718960198786e+03
-5.092958498040762834e+02
-8.708553662969741254e+02
-9.949557759986862493e+02
-6.383657331876382841e+02
-6.429549746365501051e+02
-8.532446893740971063e+02
-5.534636803081199332e+02
-8.688449267462673333e+02
-8.158669420036261499e+02
-5.768077077151762069e+02
-1.012691224266865333e+03
-5.271846191024488917e+02
-5.432456561810600988e+02
-6.331386890355212245e+02
-6.993675071218996209e+02
-7.327032613772788636e+02
-6.518181697691378531e+02
-1.065223084789342920e+03
-8.455091130297175823e+02
-7.611087455135184427e+02
-1.015348456924605330e+03
-9.001932573607325594e+02
-8.111311852681121763e+02
-8.388369911326154806e+02
-7.566920897632818424e+02
-7.562306955302026381e+02
-8.266703693874133023e+02
-8.655746982906553058e+02
-9.478578535425143627e+02
-7.617146953132137241e+02
-7.393174806554495717e+02
-1.007001172302639588e+03
-8.936735368839166540e+02
-8.670141838182449874e+02
-8.855148907217343321e+02
-9.431154240070026162e+02
-7.613239558445208104e+02
-9.267678851231200952e+02
-1.008210167630106639e+03
-8.770012802037130086e+02
-8.304602510837531781e+02
-1.123772598718781182e+03
-8.998271272919754438e+02
-9.572296348380777999e+02
-8.786384624293469869e+02
-8.820870270367868216e+02
-1.039489861365170327e+03
-1.048026172999890832e+03
-6.368635228660936036e+02
-7.790789964479616856e+02
-9.897041352552603257e+02
-1.024899768456125003e+03
-1.004848711568338103e+03
-1.010431163106598433e+03
-1.014264597771943158e+03
-1.022605763760354534e+03
-8.857198788294518863e+02
-6.805285055878136973e+02
-9.114289819412570068e+02
-1.032514745742089872e+03
-8.980975098017323717e+02
-1.076068922103693239e+03
-1.080200982555101518e+03
-7.892399292314270269e+02
-7.907629660177397000e+02
-8.968429450290287832e+02
-1.013421695422882067e+03
-8.895202047253549154e+02
-8.727621346854344893e+02
-8.063937755526596902e+02
-7.688611690281796882e+02
-7.460427714109050612e+02
-9.771259366638252004e+02
-9.797512858709681041e+02
-7.862965975858734282e+02
-8.015901777686593732e+02
-1.022572366759462170e+03
-9.956046135300322248e+02
-8.823455352816994264e+02
-1.091408402934396463e+03
-8.862881889292938240e+02
-9.716982281238244923e+02
-9.884527166875608373e+02
-1.048738689607991546e+03
-1.085319464021507883e+03
-6.358548563372272611e+02
-1.156680765376777799e+03
-1.026809131628336672e+03
-1.137670312521639062e+03
-1.182781776444719071e+03
-9.109732455479397686e+02
-1.040931143963219711e+03
-1.098086256649394954e+03
-1.046199090982402367e+03
-1.048994615627154189e+03
-9.016764372474586935e+02
-9.574170307577369385e+02
-1.010312446772839053e+03
-9.557186344567880951e+02
-8.707120545312573086e+02
-9.051464684045075728e+02
-9.982190959560890633e+02
-7.224981377506653644e+02
-9.061640183193435405e+02
-1.041844439471261467e+03
-1.062281043414703845e+03
-7.630125300593439306e+02
-1.102965421304372057e+03
-9.173006634488306190e+02
-1.045431312025060606e+03
-9.826579636243006917e+02
-1.106432574000554723e+03
-1.039239919670296786e+03
-9.116073168433654246e+02
-7.351892243738276420e+02
-9.787371083401488931e+02
-7.601750989861616290e+02
-9.150035807990797139e+02
-7.698348961497457594e+02
-9.261514893538327442e+02
-6.453004927401826762e+02
-8.806016430949048299e+02
-6.358512664100036318e+02
-7.429558219529645839e+02
-8.077598224438861507e+02
-7.546345981522664488e+02
-9.274913776086278858e+02
-7.257664739353319874e+02
-7.521359382568673482e+02
-7.641797649138688939e+02
-6.396183066822221690e+02
-9.938446164290295428e+02
-6.602488908424847978e+02
-6.240677420024874209e+02
-4.766069601467991106e+02
-7.525632061122072400e+02
-8.680020968540932245e+02
-9.952477132356757465e+02
-9.051776537364922888e+02
-1.130984099828918033e+03
-9.936315180645389091e+02
-9.160203240320901159e+02
-6.442297310773935806e+02
-1.006502139954113886e+03
-9.122465899259847220e+02
-1.028147113649793937e+03
-6.465534766631366210e+02
-9.066560417544848178e+02
-1.000501122137565972e+03
-8.084565454500221904e+02
-7.688681294067977205e+02
-9.059027169346343271e+02
-6.403590055333013424e+02
-8.028287222659722602e+02
-7.449897936194289514e+02
-6.276419737991808461e+02
-6.573975839969675690e+02
-8.572424062739336250e+02
-7.563180626841868843e+02
-6.298651669907659425e+02
-6.360724209479410547e+02
-5.134982921478796243e+02
-8.870981822294468202e+02
-1.069314652078723157e+03
-6.470278948114911373e+02
-6.458031384461718289e+02
-8.703788526643663772e+02
-8.559415049748913589e+02
-5.098156424097209651e+02
-6.254902834427202833e+02
-8.372955346523062872e+02
-7.987711881187390190e+02
-6.408168278006533001e+02
-5.059936737344539210e+02
-8.319295417901900009e+02
-6.336521361308680298e+02
-6.387797220839266856e+02
-5.012990956819951975e+02
-6.479887854229101549e+02
-8.564384921008379479e+02
-1.071532622082366515e+03
-7.565303405154581924e+02
-8.931675497841910101e+02
-1.044218478309129978e+03
-1.032200470445512337e+03
-7.924058999692127827e+02
-9.138202980311974670e+02
-8.732101622697593939e+02
-9.888069916627658813e+02
-8.790988753913120490e+02
-7.498071307442920670e+02
-6.333967331793294306e+02
-6.329137663928034954e+02
-6.087557565658726162e+02
-4.995993275808585281e+02
-6.333989385246497932e+02
-7.556134892596045347e+02
-6.409815555639503373e+02
-5.113773370339200142e+02
-5.993840350857188923e+02
-7.451370788967732324e+02
-6.300034483518143134e+02
-6.242999439933485064e+02
-8.836904437396696039e+02
-7.433269838025917124e+02
-8.758212322170656989e+02
-5.047728528647571693e+02
-5.104413445194800261e+02
-7.500776313336901922e+02
-5.810824168360798012e+02
-6.371483611971087839e+02
-7.045355544454512255e+02
-8.310980178181034717e+02
-7.536560431126428057e+02
-7.661631700244258809e+02
-6.434603529865511291e+02
-6.354499268650528165e+02
-6.327966016564290612e+02
-5.556306352947020741e+02
-6.341248404662385383e+02
-7.533026434727953529e+02
